20
0.00 1.11 1.04 1.09 0.99 0.68 1.41 0.91 1.15 0.51 1.23 1.09 0.89 1.47 0.93 0.44 0.84 1.05 0.97 0.93
1.11 0.00 1.29 0.62 0.33 0.73 1.34 1.11 1.46 0.87 1.26 1.41 1.67 0.67 0.77 1.37 0.52 0.77 1.27 0.84
1.04 1.29 0.00 0.70 1.07 1.51 0.66 0.98 0.73 0.92 0.61 0.63 0.86 0.51 1.48 0.91 1.85 0.54 0.41 1.16
1.09 0.62 0.70 0.00 0.89 1.60 0.91 0.87 0.78 0.69 0.94 0.98 0.88 0.52 1.05 1.52 1.06 0.78 1.14 1.01
0.99 0.33 1.07 0.89 0.00 0.71 1.19 0.73 1.52 0.86 1.06 1.37 1.37 0.74 1.30 0.77 0.72 0.63 1.37 0.94
0.68 0.73 1.51 1.60 0.71 0.00 1.43 1.05 1.36 1.18 1.49 1.21 1.65 1.31 0.56 0.68 0.54 0.81 1.26 0.83
1.41 1.34 0.66 0.91 1.19 1.43 0.00 0.65 0.71 0.94 1.12 1.01 0.53 1.04 0.99 0.84 1.17 1.29 1.02 0.73
0.91 1.11 0.98 0.87 0.73 1.05 0.65 0.00 1.37 1.26 0.91 0.88 0.59 1.43 1.02 0.55 1.02 1.08 1.30 0.88
1.15 1.46 0.73 0.78 1.52 1.36 0.71 1.37 0.00 0.74 1.21 0.73 0.73 0.59 1.12 1.27 1.19 0.83 1.14 1.22
0.51 0.87 0.92 0.69 0.86 1.18 0.94 1.26 0.74 0.00 1.35 1.51 0.79 0.93 1.13 0.81 0.65 1.19 1.14 0.77
1.23 1.26 0.61 0.94 1.06 1.49 1.12 0.91 1.21 1.35 0.00 0.87 0.73 0.86 1.44 1.16 1.57 1.02 0.40 1.05
1.09 1.41 0.63 0.98 1.37 1.21 1.01 0.88 0.73 1.51 0.87 0.00 0.86 0.87 1.31 1.02 1.71 0.58 0.86 1.80
0.89 1.67 0.86 0.88 1.37 1.65 0.53 0.59 0.73 0.79 0.73 0.86 0.00 1.38 1.34 0.70 1.17 1.54 1.04 1.07
1.47 0.67 0.51 0.52 0.74 1.31 1.04 1.43 0.59 0.93 0.86 0.87 1.38 0.00 1.40 1.54 1.34 0.30 0.93 1.29
0.93 0.77 1.48 1.05 1.30 0.56 0.99 1.02 1.12 1.13 1.44 1.31 1.34 1.40 0.00 1.26 0.48 1.30 1.08 0.39
0.44 1.37 0.91 1.52 0.77 0.68 0.84 0.55 1.27 0.81 1.16 1.02 0.70 1.54 1.26 0.00 1.04 1.10 1.05 0.98
0.84 0.52 1.85 1.06 0.72 0.54 1.17 1.02 1.19 0.65 1.57 1.71 1.17 1.34 0.48 1.04 0.00 1.42 1.66 0.54
1.05 0.77 0.54 0.78 0.63 0.81 1.29 1.08 0.83 1.19 1.02 0.58 1.54 0.30 1.30 1.10 1.42 0.00 1.03 1.42
0.97 1.27 0.41 1.14 1.37 1.26 1.02 1.30 1.14 1.14 0.40 0.86 1.04 0.93 1.08 1.05 1.66 1.03 0.00 0.90
0.93 0.84 1.16 1.01 0.94 0.83 0.73 0.88 1.22 0.77 1.05 1.80 1.07 1.29 0.39 0.98 0.54 1.42 0.90 0.00
